Conditions:
  generator_noise_ratio     = 1
  generator_num_blobs       = 3
  median_filter_kernel_size = 5
  grayscale_threshold       = 127
  morphology_kernel_width   = 5
  erosion_iterations        = 2
  contour_length_threshold  = 5

Results:
  pixels_in =  {0: 394}
  pixels_out = {0: 39}
  percents =   {0: 90.99307159353349}
  distance =   {0: [21.033706734152652, 3.8444238555277566, 11.023034270290232]}
  area = {0: 485.4996779763377}
