Conditions:
  generator_noise_ratio     = 0.4
  generator_num_blobs       = 3
  median_filter_kernel_size = 3
  grayscale_threshold       = 130
  morphology_kernel_width   = 5
  erosion_iterations        = 3
  contour_length_threshold  = 5

Results:
  pixels_in =  {0: 104, 1: 126}
  pixels_out = {0: 0, 1: 45}
  percents =   {0: 100.0, 1: 73.6842105263158}
  distance =   {0: [4.77378843334665, 0.36655737639183555], 1: [0.07334923853898587]}
  area = {0: 52.54750504681879, 1: 116.36371876101653}
