Conditions:
  generator_noise_ratio     = 1
  generator_num_blobs       = 3
  median_filter_kernel_size = 5
  grayscale_threshold       = 127
  morphology_kernel_width   = 5
  erosion_iterations        = 2
  contour_length_threshold  = 5

Results:
  pixels_in =  {0: 0, 1: 201}
  pixels_out = {0: 319, 1: 0}
  percents =   {0: 0.0, 1: 100.0}
  distance =   {0: [105.5911050070537], 1: [9.975212100321228]}
  area = {0: 3.963791357008697, 1: 648.7454417413944}
