Conditions:
  generator_noise_ratio     = 0.7
  generator_num_blobs       = 3
  median_filter_kernel_size = 3
  grayscale_threshold       = 127
  morphology_kernel_width   = 5
  erosion_iterations        = 2
  contour_length_threshold  = 5

Results:
  pixels_in =  {0: 12, 1: 222}
  pixels_out = {0: 13, 1: 46}
  percents =   {0: 48.0, 1: 82.83582089552239}
  distance =   {0: [0.4557855990953998], 1: [5.75546978228216, 5.90672255303833]}
  area = {0: 5.483448531279766, 1: 190.3152100904633}
