Conditions:
  generator_noise_ratio     = 0.4
  generator_num_blobs       = 3
  median_filter_kernel_size = 5
  grayscale_threshold       = 130
  morphology_kernel_width   = 5
  erosion_iterations        = 5
  contour_length_threshold  = 5

Results:
  pixels_in =  {0: 234}
  pixels_out = {0: 293}
  percents =   {0: 44.402277039848194}
  distance =   {0: [11.696092155114133, 5.914653077957101, 13.389862612868683]}
  area = {0: 371.155211122011}
